class	num	num	num	num	num	comment
20	4	121.0	110.0	2600	12.8	bmw 320i
20	3	70.00	90.00	2124	13.5	maxda rx3
20	6	200.0	85.00	2990	18.2	mercury zephyr 6
20	5	131.0	103.0	2830	15.9	audi 5000
20	6	171.0	97.00	2984	14.5	ford pinto
20	4	122.0	86.00	2395	16.0	ford pinto (sw)
20	6	225.0	110.0	3360	16.6	dodge aspen 6
20	8	262.0	110.0	3221	13.5	chevrolet monza 2+2
20	6	250.0	98.00	3525	19.0	ford granada
20	4	121.0	76.00	2511	18.0	volkswagen 411 (sw)
15	8	302.0	140.0	4141	14.0	ford gran torino
15	8	400.0	175.0	4385	12.0	pontiac catalina
15	8	318.0	150.0	3777	12.5	dodge coronet custom
15	8	350.0	165.0	4209	12.0	chevrolet impala
15	8	429.0	198.0	4341	10.0	ford galaxie 500
15	8	350.0	145.0	3988	13.0	chevrolet malibu
15	8	302.0	140.0	3449	10.5	ford torino
15	6	250.0	100.0	3781	17.0	chevrolet chevelle malibu classic
15	8	340.0	160.0	3609	8.0	plymouth 'cuda 340
10	8	383.0	180.0	4955	11.5	dodge monaco (sw)
10	8	304.0	193.0	4732	18.5	hi 1200d
25	4	115.0	95.00	2694	15.0	audi 100ls
25	4	120.0	88.00	2957	17.0	peugeot 504
25	4	122.0	86.00	2220	14.0	mercury capri 2000
25	4	151.0	90.00	3003	20.1	amc concord
25	4	121.0	113.0	2234	12.5	bmw 2002
25	4	116.0	81.00	2220	16.9	opel 1900
25	4	113.0	95.00	2228	14.0	toyota corona
25	4	101.0	83.00	2202	15.3	renault 12tl
30	4	120.0	75.00	2542	17.5	mazda 626
30	4	135.0	84.00	2295	11.6	dodge rampage
30	6	173.0	115.0	2595	11.3	chevrolet citation
30	4	108.0	75.00	2265	15.2	toyota corolla
30	4	116.0	90.00	2123	14.0	opel 1900
30	4	89.00	71.00	1925	14.0	vw rabbit custom
30	4	85.00	65.00	2020	19.2	datsun 210
35	4	105.0	63.00	2215	14.9	plymouth horizon 4
35	4	86.00	65.00	2019	16.4	datsun 310
35	4	91.00	53.00	1795	17.5	honda civic cvcc
35	4	122.0	88.00	2500	15.1	triumph tr7 coupe
45	4	86.00	65.00	2110	17.9	mazda glc
40	4	85.00	70.00	2070	18.6	datsun b210 gx
